1 34 35 
2 31 4 11 24 30 20 13 
3 18 
4 29 8 37 34 10 
5 34 6 16 
6 4 26 33 29 39 
7 11 20 18 10 5 13 
8 34 10 35 36 39 
9 29 
10 35 36 
11 28 26 4 12 8 
12 13 33 39 20 19 4 34 5 
13 25 33 20 28 4 24 5 15 
14 36 16 17 8 4 33 34 6 
15 33 14 36 
16 20 26 8 4 
17 20 16 
18 37 33 30 17 4 
19 22 21 14 8 28 
20 26 36 8 29 34 10 
21 20 36 26 39 14 24 9 6 
22 29 14 30 15 4 
23 28 24 39 29 12 
24 4 29 37 8 33 16 6 39 
25 10 9 
26 29 34 
27 36 
28 9 8 33 
29 34 
30 16 24 26 15 20 17 29 6 
31 15 33 4 13 14 5 20 6 
32 21 39 25 8 
33 16 26 20 34 29 8 
34 35 36 39 10 
35 36 39 
36 39 
37 29 39 
38 
39 
40 24 18 


