1 42 58 44 
2 50 29 49 30 
3 18 
4 44 23 48 46 
5 57 56 58 12 19 10 48 6 21 
6 8 20 57 9 11 
7 13 44 54 6 35 55 18 30 31 36 22 
8 9 34 57 58 20 59 17 45 46 47 49 
9 34 17 49 57 11 18 
10 24 8 14 
11 
12 29 48 
13 56 24 45 57 
14 31 42 17 33 
15 49 25 38 54 17 13 34 44 22 
16 44 28 13 4 58 30 52 36 
17 18 20 
18 20 
19 12 28 39 59 2 38 42 43 
20 
21 37 57 30 18 17 20 
22 38 14 46 
23 8 30 36 55 6 56 
24 43 17 45 37 33 58 56 
25 48 17 34 46 50 44 55 42 14 18 32 30 
26 
27 19 8 13 41 
28 24 48 25 14 29 44 9 49 
29 40 22 59 
30 45 8 18 17 43 46 11 37 59 
31 33 6 46 34 8 9 37 56 11 
32 42 6 14 22 48 17 
33 18 17 11 34 
34 49 11 57 17 58 18 59 20 
35 30 
36 34 24 22 33 17 30 10 
37 45 58 46 34 47 49 57 59 8 9 20 11 
38 11 56 37 20 30 14 17 
39 44 13 37 17 14 47 21 
40 33 
41 17 11 49 56 24 57 
42 
43 17 58 8 
44 8 41 18 42 33 56 
45 47 58 9 11 34 17 49 
46 34 45 59 9 11 57 58 47 49 17 18 20 
47 49 58 57 34 9 59 11 17 
48 38 
49 17 11 
50 18 13 42 24 30 47 17 20 14 
51 28 35 56 47 39 36 2 53 29 60 54 
52 
53 12 24 58 19 21 
54 20 6 22 49 30 
55 14 56 17 38 41 30 10 31 20 
56 6 8 
57 11 58 59 17 18 20 
58 11 59 17 18 20 
59 
60 17 52 42 19 21 18 


