1 67 22 34 51 
2 44 4 3 5 25 7 12 13 14 16 
3 25 12 4 16 5 13 7 14 44 
4 25 5 44 7 12 13 14 16 
5 12 
6 56 53 29 7 62 36 12 41 13 25 5 49 
7 12 14 16 
8 75 11 
9 59 57 49 25 28 16 
10 77 29 
11 20 43 21 
12 14 16 
13 25 
14 16 
15 23 72 73 59 2 43 34 
16 
17 32 21 79 2 41 80 72 22 54 30 12 34 56 
18 49 69 50 78 51 64 6 79 58 75 57 29 
19 73 32 
20 41 43 44 2 64 21 
21 44 72 73 23 2 3 4 25 5 
22 25 32 73 43 44 59 53 54 2 34 56 3 4 69 
23 44 
24 14 44 13 2 3 7 4 16 5 12 25 
25 7 12 14 16 
26 11 80 73 5 72 74 
27 16 15 74 4 57 17 50 51 34 78 36 
28 56 78 
29 12 79 36 41 2 69 57 72 54 80 
30 2 69 7 51 41 80 
31 56 62 66 53 27 44 64 58 69 14 8 54 73 
32 58 21 54 57 2 23 34 3 36 24 4 
33 2 72 6 57 49 60 11 36 73 
34 69 36 21 44 58 59 23 2 72 12 
35 21 47 46 57 2 28 33 
36 25 23 44 24 2 3 13 
37 53 28 19 39 16 23 
38 69 75 71 28 51 40 60 2 30 34 79 49 20 50 
39 80 34 10 13 51 
40 49 
41 69 21 34 43 36 7 2 72 3 12 73 
42 4 56 54 11 16 
43 12 13 14 58 16 34 21 2 23 59 
44 7 12 14 16 
45 65 29 31 39 69 25 36 7 38 72 66 
46 39 40 11 30 80 27 71 26 42 67 41 21 17 
47 67 80 75 20 45 7 10 17 44 13 19 4 56 55 57 
48 3 63 
49 25 50 36 41 12 59 29 23 
50 44 29 
51 43 24 3 69 44 
52 72 75 7 41 3 69 2 12 34 79 73 
53 2 69 3 7 16 12 54 72 14 13 57 
54 36 2 69 43 72 34 21 44 57 3 73 13 58 12 
55 12 13 
56 69 72 7 57 32 2 3 58 16 
57 34 21 15 36 69 
58 44 69 7 21 59 72 73 2 3 12 4 5 36 13 14 16 
59 44 13 36 69 72 24 73 2 12 3 4 23 5 7 14 
60 36 43 
61 53 29 64 55 78 36 68 14 66 79 80 72 54 
62 3 29 7 59 32 
63 69 79 43 
64 16 13 22 59 
65 74 
66 13 53 69 62 43 24 22 44 63 40 16 52 54 49 
67 62 36 57 11 40 16 56 20 52 58 12 24 44 23 63 
68 49 28 6 11 43 
69 2 3 
70 55 31 2 54 15 25 26 14 19 37 
71 20 
72 73 
73 23 44 2 3 24 12 4 
74 49 51 72 53 20 56 80 43 
75 36 3 41 69 30 14 12 
76 29 
77 15 73 64 25 69 22 20 41 
78 29 57 
79 58 7 12 13 80 14 15 41 2 16 3 43 44 32 
80 69 51 7 

