1 91 5 6 31 49 50 51 69 23 
2 96 99 21 97 4 28 17 
3 95 65 39 27 88 52 7 72 16 
4 66 18 7 67 32 31 91 33 80 5 13 46 69 
5 78 7 8 73 22 9 92 23 12 49 50 79 51 13 80 
6 91 84 22 49 70 12 50 7 72 92 51 78 31 73 79 5 80 
7 92 73 78 79 8 9 
8 80 50 51 32 81 82 33 22 23 25 
9 49 79 51 8 22 92 12 13 50 80 23 25 81 82 31 32 33 
10 17 73 9 69 8 62 11 4 27 7 29 51 87 94 
11 33 91 92 64 65 58 25 96 41 42 97 55 12 67 13 4 
12 51 22 79 80 
13 
14 20 7 54 21 87 56 72 75 79 69 46 61 29 74 76 51 85 59 
15 46 6 49 50 66 75 51 72 55 91 92 18 56 13 58 32 
16 31 75 79 
17 20 85 50 39 29 5 6 4 21 92 30 12 41 68 63 76 31 48 
18 49 56 20 91 32 
19 93 4 5 66 52 22 60 15 62 90 77 79 34 53 6 23 94 98 12 96 
20 66 21 49 5 25 67 56 32 31 58 22 72 33 6 50 51 69 70 
21 22 91 5 81 6 31 49 78 50 79 7 
22 50 23 51 25 32 33 80 81 82 
23 25 33 50 51 
24 12 57 82 18 90 26 44 45 47 95 37 46 25 58 91 
25 33 51 
26 79 28 91 45 
27 75 11 85 30 96 67 91 12 62 92 97 4 98 17 71 
28 
29 75 33 4 82 5 30 55 78 48 6 60 13 76 66 41 64 20 56 
30 97 12 91 
31 79 80 32 81 82 92 8 22 13 23 25 33 49 50 51 
32 23 25 33 50 51 80 81 82 
33 51 
34 91 22 96 25 49 44 57 92 93 94 2 
35 95 96 2 27 93 57 13 
36 87 59 30 52 100 50 37 61 38 90 26 91 75 54 22 
37 78 25 41 72 40 20 66 
38 29 91 75 5 83 23 11 6 
39 4 23 30 63 45 79 67 64 11 12 46 5 41 6 42 
40 70 63 79 
41 69 42 91 84 70 97 4 5 80 72 92 77 55 
42 91 15 97 46 4 9 12 66 5 92 49 6 67 69 23 
43 96 52 42 10 4 17 50 5 11 51 6 47 74 53 54 77 30 92 79 69 
44 29 4 5 11 91 
45 58 46 48 
46 5 91 49 70 51 25 18 31 97 92 84 32 6 33 56 50 7 58 8 20 
47 79 48 91 74 15 65 62 51 73 53 21 81 20 11 32 
48 41 4 92 58 56 64 5 76 75 31 42 91 49 15 6 80 65 66 97 
49 79 80 81 82 50 22 51 92 8 13 23 25 32 33 
50 25 33 51 
51 
52 17 80 48 78 53 8 2 99 49 79 91 11 38 46 
53 31 63 91 32 78 79 96 73 83 41 28 
54 38 72 98 47 73 39 4 8 93 94 62 99 5 65 68 91 64 2 
55 56 33 46 80 66 79 58 77 4 72 12 67 49 69 5 6 20 91 
56 69 5 49 50 81 51 70 6 21 72 23 80 73 75 7 78 
57 4 22 50 29 8 5 30 91 92 96 60 55 
58 21 91 75 50 49 5 69 51 31 6 56 92 7 
59 98 73 75 85 
60 91 18 70 12 30 4 25 92 81 20 49 9 5 21 45 75 6 48 55 
61 94 22 30 37 15 29 39 42 80 92 8 27 16 51 79 38 
62 97 45 39 92 83 96 31 7 
63 58 84 31 15 
64 82 55 49 46 50 
65 42 97 12 75 91 55 31 92 82 15 9 69 4 51 
66 67 56 8 21 12 49 50 
67 
68 45 4 63 41 46 21 9 60 
69 12 49 32 70 22 50 72 23 31 
70 49 50 91 
71 25 66 39 41 4 72 56 45 82 
72 49 73 22 78 79 50 23 51 80 25 13 31 32 81 82 
73 78 22 8 49 31 23 9 79 80 
74 56 84 20 71 99 23 38 25 2 
75 69 70 72 9 5 78 49 21 13 81 73 50 79 84 91 80 82 31 
76 91 55 20 5 31 18 33 46 12 66 
77 20 80 49 78 69 91 84 50 5 
78 80 92 49 81 79 8 50 82 
79 80 81 50 82 32 8 22 23 25 33 51 
80 33 23 81 82 25 50 51 
81 50 82 23 25 51 33 
82 23 50 25 51 33 
83 51 75 41 
84 22 23 49 32 91 
85 18 4 55 5 81 96 41 82 56 64 20 
86 49 
87 97 66 98 58 90 71 39 37 
88 35 11 56 43 45 52 89 53 92 68 19 7 96 2 47 44 95 41 91 50 
89 23 74 91 4 86 69 27 
90 
91 5 92 72 78 7 73 8 79 80 31 23 81 49 82 
92 
93 48 70 9 2 99 51 4 91 53 84 17 20 81 63 44 92 75 11 
94 75 77 58 92 
95 4 29 25 84 98 94 77 85 2 86 
96 42 76 75 64 13 91 55 4 
97 70 5 56 21 
98 99 92 69 25 97 4 9 57 30 39 18 78 17 58 5 6 20 
99 80 29 
100 53 68 11 82 34 15 94 32 59 91 

